4294967278,408
4294967278,253
4294967279,357
4294967279,247
4294967279,246
4294967278,244
4294967279,243
4294967278,241
4294967278,239
4294967278,237
4294967278,231
4294967278,41
4294967278,36
4294967279,225
4294967294,198
4294967294,197
4294967294,196
4294967294,195
4294967294,194
4294967294,192
4294967294,1013
4294967294,1010
4294967294,1007
4294967294,1005
4294967294,1004
4294967294,1002
4294967294,1000
4294967294,998
4294967294,997
4294967294,436
4294967294,421
4294967294,401
4294967294,190
4294967294,185
4294967294,176
4294967294,173
4294967294,170
4294967294,163
4294967294,162
4294967294,161
4294967278,221
4294967279,216
4294967278,401
4294967278,284
4294967279,260
4294967279,284
4294967278,425
4294967279,339
4294967278,424
4294967278,207
4294967279,313
4294967279,205
4294967278,203
254,5
254,4
254,3
254,2
254,1
4294967279,542
4294967279,356
4294967278,389
4294967279,355
4294967278,370
4294967279,309
252,7
252,6
252,5
252,4
252,3
252,2
252,1
4294967279,337
4294967279,541
4294967278,309
4294967278,311
4294967278,380
4294967279,303
4294967278,176
4294967279,171
4294967294,392
4294967278,423
4294967278,347
248,4
248,3
248,2
248,1
4294967278,293
4294967278,348
4294967279,321
247,6
247,5
247,4
4294967279,535
4294967278,328
4294967278,147
247,3
247,2
247,1
4294967278,291
4294967294,1413
4294967294,1011
4294967294,182
4294967294,996
4294967294,1009
4294967294,995
4294967294,193
4294967294,1012
4294967294,1006
4294967279,529
4294967279,268
4294967294,409
4294967294,420
4294967294,407
4294967294,148
4294967294,168
4294967294,189
4294967294,175
4294967294,466
4294967294,404
4294967279,174
4294967278,422
244,6
244,5
244,4
244,3
244,2
244,1
4294967279,259
4294967279,354
4294967279,515
4294967278,329
4294967279,514
4294967294,1417
4294967278,327
4294967278,421
4294967279,512
241,5
4294967278,240
241,4
241,3
241,2
241,1
4294967279,316
4294967278,238
4294967278,233
4294967279,230
4294967278,229
4294967279,228
4294967278,224
4294967279,223
4294967278,222
4294967278,220
4294967279,215
239,5
239,4
239,3
239,2
239,1
4294967279,545
4294967278,213
4294967278,211
4294967279,211
4294967279,210
4294967294,1418
4294967279,353
4294967278,322
237,6
4294967279,204
4294967278,205
4294967279,543
4294967278,204
237,5
4294967279,203
4294967278,202
4294967279,202
237,4
4294967278,201
237,3
237,2
237,1
4294967278,353
4294967279,201
4294967278,200
4294967294,120
4294967278,197
4294967279,559
4294967278,318
4294967278,381
236,5
4294967278,196
236,4
236,3
236,2
236,1
4294967278,386
4294967279,338
4294967294,393
4294967278,395
4294967279,308
235,5
235,4
235,3
235,2
235,1
4294967278,313
4294967278,186
4294967278,185
234,4
234,3
234,2
234,1
4294967279,182
4294967278,180
4294967279,180
233,4
4294967278,179
233,3
233,2
233,1
0,7
4294967294,468
4294967294,128
4294967294,424
4294967294,186
4294967294,28
4294967294,0
4294967294,999
4294967294,29
4294967279,352
4294967294,89
4294967279,351
4294967279,538
4294967279,0
4294967278,420
4294967279,297
4294967279,296
4294967294,389
4294967294,390
4294967294,115
4294967294,114
4294967294,2
4294967278,419
4294967278,301
4294967294,387
4294967294,388
4294967294,46
4294967278,300
4294967294,107
4294967294,91
4294967294,90
4294967294,87
4294967294,86
4294967294,85
4294967294,84
4294967294,150
4294967294,129
4294967294,149
4294967294,419
4294967294,53
4294967294,1419
4294967294,45
4294967294,427
4294967294,44
4294967294,40
4294967294,38
4294967294,37
4294967294,96
4294967294,94
4294967294,9
4294967294,8
4294967278,396
4294967294,36
4294967278,297
4294967279,571
4294967278,296
4294967279,539
4294967279,574
4294967278,377
4294967294,30
4294967294,142
4294967294,141
4294967294,139
4294967294,138
4294967294,133
4294967294,1016
4294967294,992
4294967294,990
4294967294,989
4294967294,988
4294967294,987
4294967294,60
4294967279,33
4294967279,32
4294967279,31
4294967279,30
4294967279,28
4294967279,27
4294967279,26
4294967279,22
4294967279,19
4294967279,18
4294967279,17
4294967279,15
4294967279,12
4294967279,9
4294967294,475
4294967294,50
4294967294,12
4294967294,11
4294967294,68
4294967279,322
4294967294,39
4294967294,42
4294967294,99
4294967294,437
4294967294,43
4294967294,52
4294967278,132
4294967278,131
4294967278,130
4294967278,129
4294967278,128
4294967278,127
4294967278,126
4294967278,125
4294967278,326
4294967278,124
4294967278,325
4294967278,123
4294967278,122
4294967278,121
4294967278,120
4294967278,119
4294967278,118
4294967278,117
4294967278,116
4294967278,115
4294967278,114
4294967278,113
4294967278,112
4294967278,111
4294967278,110
4294967278,109
4294967278,108
4294967278,225
4294967278,107
4294967278,106
4294967278,105
4294967278,104
4294967278,103
4294967278,102
4294967278,101
4294967278,100
4294967278,99
4294967278,390
4294967278,98
4294967278,97
4294967278,302
4294967278,96
4294967278,95
4294967278,94
4294967278,93
4294967278,92
4294967278,91
4294967278,90
4294967278,89
4294967278,87
4294967278,86
4294967278,85
4294967278,84
4294967278,83
4294967278,82
4294967278,81
4294967278,80
4294967278,79
4294967278,78
4294967278,77
4294967278,76
4294967278,75
4294967278,74
4294967278,73
4294967278,72
4294967278,71
4294967278,70
4294967278,69
4294967278,68
4294967278,350
4294967278,66
4294967278,310
4294967278,65
4294967278,64
4294967279,84
4294967279,81
4294967279,78
4294967279,70
4294967279,68
4294967279,60
4294967279,57
4294967279,52
4294967279,48
4294967279,46
4294967279,39
4294967279,37
4294967279,36
4294967279,34
4294967279,25
4294967279,23
4294967279,21
4294967279,20
4294967279,16
4294967279,13
4294967279,11
4294967279,10
4294967279,281
4294967279,5
4294967279,532
4294967278,292
4294967279,350
4294967279,24
4294967294,399
4294967294,1415
4294967294,112
4294967294,467
4294967294,450
4294967279,285
4294967278,403
4294967278,142
4294967279,29
4294967279,139
232,5
232,4
232,2
232,1
4294967278,134
4294967278,133
4294967294,477
4294967279,267
4294967278,275
4294967279,349
4294967278,402
4294967278,273
4294967279,277
4294967279,265
230,7
4294967278,281
230,6
230,5
230,4
230,2
230,1
4294967279,550
4294967279,8
4294967278,418
4294967279,7
4294967279,6
4294967278,261
4294967278,278
4294967279,4
4294967279,329
4294967278,330
4294967279,566
4294967279,519
4294967279,516
4294967279,547
4294967279,250
4294967279,249
4294967279,239
